schema_version,input_attempt_id,input_timestamp_ns,transaction_id,window_id,graph_version,ordering_version,noise_model_version,linpoint_version,output_timestamp_ns,frozen_group_ids,backend_epoch_before,backend_epoch_after,pending_duration_s,state_age_s,raw_imu_samples,consecutive_rejections,marginalization_count,factor_block_cache_hits,factor_block_cache_misses,factor_block_cache_invalidations,statistical_cache_hits,statistical_cache_misses,cache_entries,cache_bytes,cache_invalidation_reason,base_step_norm,selected_step_norm,risk_nominal,risk_p_nm,risk_bridge,risk_history,risk_model,risk_hypotheses,risk_total,risk_upper_bound,risk_margin,risk_ledger_charged_total,risk_ledger_declared_total,risk_ledger_closes,risk_ledger_all_validated,risk_ledger_validated_terms,risk_ledger_unvalidated_terms,risk_ledger_not_implemented_terms,risk_ledger_terms,coverage_status,coverage_exact_leaves,coverage_enveloped_leaves,coverage_uncovered_leaves,coverage_envelope_count,coverage_accepted_envelope_count,coverage_proof_count,coverage_envelope_online,hypothesis_count,single_uwb_hypotheses,single_accel_hypotheses,single_gyro_hypotheses,double_uwb_accel_hypotheses,double_uwb_gyro_hypotheses,effective_fault_cardinality,generated_actions,kernel_evaluated_actions,post_passed_actions,pl_evaluated_actions,selected_actions,base_svd,base_llt,base_state_solves,llt_state_solve_calls,svd_state_solve_calls,detector_reference_qr,candidate_reference_svd,candidate_inner_llt,fault_gram_eigen,fault_gram_svd,fault_gram_ldlt,low_dim_fault_gram,generic_fault_gram_fallback,hypothesis_parallel_blocks,hypothesis_shared_hits,hypothesis_shared_misses,covariance_rhs_solves,covariance_rhs_columns,spectral_rhs_solves,spectral_rhs_columns,numerical_contract_mismatches,imu_oracle_reintegrations,analytic_input_valid,analytic_computation_valid,oracle_executed,oracle_relative_error,oracle_verified,primary_failure,all_failures,not_evaluated_checks,oracle_sweep_executed,oracle_sweep_verified,oracle_sweep_worst_relative_error,oracle_sweep_reintegrations,oracle_sweep_epsilons,oracle_sweep_relative_errors,selection_event_class_ids,selection_risk_proof_id,publication_gate_executed,publication_identity_check,publication_identity_reason,publication_state_before,publication_state_after,publication_transition,publication_transition_accepted,publication_protected,publication_unprotected,publication_refusal,publication_missing_identity_fields,publication_snapshot_id,publication_state_solution_id,publication_history_summary_id,publication_manifest_digest,publication_health_state,publication_detector_ids,publication_risk_proof_id,publication_certificate_id,transaction_opened,watchdog_valid,watchdog_wall_elapsed_ns,watchdog_sensor_elapsed_ns,watchdog_sensor_delta_ns,watchdog_sensor_lag_ns,watchdog_sensor_stale,watchdog_wall_timeout,watchdog_replay_jump,watchdog_clock_refused,watchdog_reason,status,reason
uwb-imu-pl/gate-d-diagnostics/v16,1,50000000,1,1,1,1,1,1,50000000,"1000;1001;1002",0,1,0.050000000000000003,0,11,0,0,1,3,0,1048,5,8,22608,"",0.021804724322607022,inf,3.0000000000000004e-05,9.9999999999999995e-08,0,0,0,9.9000000000000001e-06,4.0000000000000003e-05,4.0000000000000003e-05,nan,4.1034482758620698e-05,nan,0,0,5,3,2,"nominal=0.000030:VALIDATED;p_nm=0.000000:VALIDATED;hypotheses=0.000010:VALIDATED;hypotheses_miss_channel=0.000001:VALIDATED;bridge=UNKNOWN:ASSUMED_UNVALIDATED;history=UNKNOWN:ASSUMED_UNVALIDATED;model=UNKNOWN:ASSUMED_UNVALIDATED;omitted=UNKNOWN:NOT_IMPLEMENTED;envelope=UNKNOWN:NOT_IMPLEMENTED;selection=0.000000:VALIDATED","COMPLETE",30,0,0,0,0,0,0,174,24,3,3,72,72,2,1,1,1,1,0,1,1,2,1,1,0,3,3,174,0,0,174,0,4,1,0,0,0,0,0,0,0,1,1,0,inf,0,"UNKNOWN_TEXT","UNKNOWN_TEXT","POST_FDE_DETECTOR_AND_PL;ATOMIC_CERTIFIED_PUBLISH",0,0,inf,0,"","","1",1092561012902804045,1,"REFUSED","no publication certificate was issued for this attempt; missing identity: pl_detector_certificate_id;protection_level_m","EVALUATING","UNAVAILABLE","UNAVAILABLE -> UNAVAILABLE",1,0,1,"no publication certificate was issued for this attempt; missing identity: pl_detector_certificate_id;protection_level_m","pl_detector_certificate_id;protection_level_m",5496345802878101081,1,1616120987084239359,9056656343633310150,13276243065478317808,"dual_channel_v1;all_in_graph_residual_diagnostic",1092561012902804045,0,1,1,0,0,0,0,0,0,0,0,"","EXECUTED",""
uwb-imu-pl/gate-d-diagnostics/v16,2,100000000,2,2,2,1,1,2,100000000,"1001;1002;2000;2001;2002",1,2,0.050000000000000003,0,11,0,0,2,8,1,4869,9,14,39184,"new frozen transaction/version",0.043571753836062842,inf,3.0000000000000004e-05,9.9999999999999995e-08,0,0,0,9.8999999999999984e-06,4.0000000000000003e-05,4.0000000000000003e-05,nan,4.4052830188679247e-05,nan,0,0,5,3,2,"nominal=0.000030:VALIDATED;p_nm=0.000000:VALIDATED;hypotheses=0.000010:VALIDATED;hypotheses_miss_channel=0.000004:VALIDATED;bridge=UNKNOWN:ASSUMED_UNVALIDATED;history=UNKNOWN:ASSUMED_UNVALIDATED;model=UNKNOWN:ASSUMED_UNVALIDATED;omitted=UNKNOWN:NOT_IMPLEMENTED;envelope=UNKNOWN:NOT_IMPLEMENTED;selection=0.000000:VALIDATED","COMPLETE",60,0,0,0,0,0,0,636,48,6,6,288,288,2,1,1,1,1,0,1,1,2,1,1,0,4,3,1272,0,0,636,0,4,0,0,0,0,0,0,0,0,1,1,0,inf,0,"UNKNOWN_TEXT","UNKNOWN_TEXT","POST_FDE_DETECTOR_AND_PL;ATOMIC_CERTIFIED_PUBLISH",0,0,inf,0,"","","1",11145912355943696468,1,"REFUSED","no publication certificate was issued for this attempt; missing identity: pl_detector_certificate_id;protection_level_m","FDE_EVALUATING","UNAVAILABLE","UNAVAILABLE -> UNAVAILABLE",1,0,1,"FINISH_DEADLINE_MISSED","pl_detector_certificate_id;protection_level_m",588938850052923397,2,17618683870490891971,9056656343633310150,13276243065478317808,"dual_channel_v1;all_in_graph_residual_diagnostic",11145912355943696468,0,1,1,12937537,50000000,50000000,0,0,1,0,0,"","EXECUTED",""
uwb-imu-pl/gate-d-diagnostics/v16,3,150000000,3,3,3,1,1,3,150000000,"1001;1002;2001;2002;3000;3001;3002",2,3,0.050000000000000017,0,11,0,0,3,15,2,13190,13,20,55760,"new frozen transaction/version",0.025073749522441485,inf,3.0000000000000004e-05,9.9999999999999995e-08,0,0,0,9.9000000000000001e-06,4.0000000000000003e-05,4.0000000000000003e-05,nan,5.0440000000000012e-05,nan,0,0,5,3,2,"nominal=0.000030:VALIDATED;p_nm=0.000000:VALIDATED;hypotheses=0.000010:VALIDATED;hypotheses_miss_channel=0.000010:VALIDATED;bridge=UNKNOWN:ASSUMED_UNVALIDATED;history=UNKNOWN:ASSUMED_UNVALIDATED;model=UNKNOWN:ASSUMED_UNVALIDATED;omitted=UNKNOWN:NOT_IMPLEMENTED;envelope=UNKNOWN:NOT_IMPLEMENTED;selection=0.000000:VALIDATED","COMPLETE",90,0,0,0,0,0,0,1386,72,9,9,648,648,2,1,1,1,1,0,1,1,2,1,1,0,4,3,1386,0,0,1386,0,4,1,0,0,0,0,0,0,0,1,1,0,inf,0,"UNKNOWN_TEXT","UNKNOWN_TEXT","POST_FDE_DETECTOR_AND_PL;ATOMIC_CERTIFIED_PUBLISH",0,0,inf,0,"","","1",1092561012902804045,1,"REFUSED","no publication certificate was issued for this attempt; missing identity: pl_detector_certificate_id;protection_level_m","FDE_EVALUATING","UNAVAILABLE","UNAVAILABLE -> UNAVAILABLE",1,0,1,"FINISH_DEADLINE_MISSED","pl_detector_certificate_id;protection_level_m",10472411477799398633,3,5863529157445111256,9056656343633310150,13276243065478317808,"dual_channel_v1;all_in_graph_residual_diagnostic",1092561012902804045,0,1,1,58192070,100000000,50000000,0,0,1,0,0,"","EXECUTED",""
uwb-imu-pl/gate-d-diagnostics/v16,4,200000000,4,4,4,1,1,4,200000000,"1001;1002;2001;2002;3001;3002;4000;4001;4002",3,4,0.049999999999999989,0,11,0,0,4,24,3,27739,17,26,72336,"new frozen transaction/version",0.039017151384870975,inf,3.0000000000000004e-05,9.9999999999999995e-08,0,0,0,9.9000000000000001e-06,4.0000000000000003e-05,4.0000000000000003e-05,nan,6.298000000000001e-05,nan,0,0,5,3,2,"nominal=0.000030:VALIDATED;p_nm=0.000000:VALIDATED;hypotheses=0.000010:VALIDATED;hypotheses_miss_channel=0.000023:VALIDATED;bridge=UNKNOWN:ASSUMED_UNVALIDATED;history=UNKNOWN:ASSUMED_UNVALIDATED;model=UNKNOWN:ASSUMED_UNVALIDATED;omitted=UNKNOWN:NOT_IMPLEMENTED;envelope=UNKNOWN:NOT_IMPLEMENTED;selection=0.000000:VALIDATED","COMPLETE",120,0,0,0,0,0,0,2424,96,12,12,1152,1152,2,1,1,1,1,0,1,1,2,1,1,0,4,3,2424,0,0,2424,0,4,1,0,0,0,0,0,0,0,1,1,0,inf,0,"UNKNOWN_TEXT","UNKNOWN_TEXT","POST_FDE_DETECTOR_AND_PL;ATOMIC_CERTIFIED_PUBLISH",0,0,inf,0,"","","1",1092561012902804045,1,"REFUSED","no publication certificate was issued for this attempt; missing identity: pl_detector_certificate_id;protection_level_m","FDE_EVALUATING","UNAVAILABLE","UNAVAILABLE -> UNAVAILABLE",1,0,1,"FINISH_DEADLINE_MISSED","pl_detector_certificate_id;protection_level_m",9973515429989627493,4,12286352885785231301,9056656343633310150,13276243065478317808,"dual_channel_v1;all_in_graph_residual_diagnostic",1092561012902804045,0,1,1,170310345,150000000,50000000,62118275,0,1,0,0,"","EXECUTED",""
uwb-imu-pl/gate-d-diagnostics/v16,5,250000000,5,5,5,1,1,5,250000000,"1001;1002;2001;2002;3001;3002;4001;4002;5000;5001;5002",4,5,0.049999999999999989,0,11,0,0,5,35,4,50244,21,32,88912,"new frozen transaction/version",0.029539195605857396,inf,3.0000000000000004e-05,9.9999999999999995e-08,0,0,0,9.9000000000000001e-06,4.0000000000000003e-05,4.0000000000000003e-05,nan,7.8400000000000008e-05,nan,0,0,5,3,2,"nominal=0.000030:VALIDATED;p_nm=0.000000:VALIDATED;hypotheses=0.000010:VALIDATED;hypotheses_miss_channel=0.000038:VALIDATED;bridge=UNKNOWN:ASSUMED_UNVALIDATED;history=UNKNOWN:ASSUMED_UNVALIDATED;model=UNKNOWN:ASSUMED_UNVALIDATED;omitted=UNKNOWN:NOT_IMPLEMENTED;envelope=UNKNOWN:NOT_IMPLEMENTED;selection=0.000000:VALIDATED","COMPLETE",150,0,0,0,0,0,0,3750,120,15,15,1800,1800,2,1,1,1,1,0,1,1,2,1,1,0,3,3,3750,0,0,3750,0,4,1,0,0,0,0,0,0,0,1,1,0,inf,0,"UNKNOWN_TEXT","UNKNOWN_TEXT","POST_FDE_DETECTOR_AND_PL;ATOMIC_CERTIFIED_PUBLISH",0,0,inf,0,"","","1",1092561012902804045,1,"REFUSED","no publication certificate was issued for this attempt; missing identity: pl_detector_certificate_id;protection_level_m","FDE_EVALUATING","UNAVAILABLE","UNAVAILABLE -> UNAVAILABLE",1,0,1,"FINISH_DEADLINE_MISSED","pl_detector_certificate_id;protection_level_m",12856835508738089057,5,13562259329916814375,9056656343633310150,13276243065478317808,"dual_channel_v1;all_in_graph_residual_diagnostic",1092561012902804045,0,1,1,405547185,200000000,50000000,247355115,0,1,0,0,"","EXECUTED",""
uwb-imu-pl/gate-d-diagnostics/v16,6,300000000,6,6,6,1,1,6,300000000,"1001;1002;2001;2002;3001;3002;4001;4002;5001;5002;6000;6001;6002",5,6,0.050000000000000044,0,11,0,0,6,48,5,82433,25,38,105488,"new frozen transaction/version",0.047241131612301493,inf,3.0000000000000004e-05,9.9999999999999995e-08,0,0,0,9.9000000000000001e-06,4.0000000000000003e-05,4.0000000000000003e-05,nan,9.6700000000000019e-05,nan,0,0,5,3,2,"nominal=0.000030:VALIDATED;p_nm=0.000000:VALIDATED;hypotheses=0.000010:VALIDATED;hypotheses_miss_channel=0.000057:VALIDATED;bridge=UNKNOWN:ASSUMED_UNVALIDATED;history=UNKNOWN:ASSUMED_UNVALIDATED;model=UNKNOWN:ASSUMED_UNVALIDATED;omitted=UNKNOWN:NOT_IMPLEMENTED;envelope=UNKNOWN:NOT_IMPLEMENTED;selection=0.000000:VALIDATED","COMPLETE",180,0,0,0,0,0,0,5364,144,18,18,2592,2592,2,1,1,1,1,0,1,1,2,1,1,0,4,3,5364,0,0,5364,0,4,1,0,0,0,0,0,0,0,1,1,0,inf,0,"UNKNOWN_TEXT","UNKNOWN_TEXT","POST_FDE_DETECTOR_AND_PL;ATOMIC_CERTIFIED_PUBLISH",0,0,inf,0,"","","1",1092561012902804045,1,"REFUSED","no publication certificate was issued for this attempt; missing identity: pl_detector_certificate_id;protection_level_m","FDE_EVALUATING","UNAVAILABLE","UNAVAILABLE -> UNAVAILABLE",1,0,1,"FINISH_DEADLINE_MISSED","pl_detector_certificate_id;protection_level_m",12669596196177164789,6,10483438098872264371,9056656343633310150,13276243065478317808,"dual_channel_v1;all_in_graph_residual_diagnostic",1092561012902804045,0,1,1,762533850,250000000,50000000,554341780,0,1,0,0,"","EXECUTED",""
uwb-imu-pl/gate-d-diagnostics/v16,7,350000000,7,7,7,1,1,7,350000000,"1001;1002;2001;2002;3001;3002;4001;4002;5001;5002;6001;6002;7000;7001;7002",6,7,0.049999999999999989,0,11,0,0,7,63,6,126034,29,44,122064,"new frozen transaction/version",0.03712535741055991,inf,3.0000000000000004e-05,9.9999999999999995e-08,0,0,0,9.9000000000000001e-06,4.0000000000000003e-05,4.0000000000000003e-05,nan,0.00011788000000000002,nan,0,0,5,3,2,"nominal=0.000030:VALIDATED;p_nm=0.000000:VALIDATED;hypotheses=0.000010:VALIDATED;hypotheses_miss_channel=0.000078:VALIDATED;bridge=UNKNOWN:ASSUMED_UNVALIDATED;history=UNKNOWN:ASSUMED_UNVALIDATED;model=UNKNOWN:ASSUMED_UNVALIDATED;omitted=UNKNOWN:NOT_IMPLEMENTED;envelope=UNKNOWN:NOT_IMPLEMENTED;selection=0.000000:VALIDATED","COMPLETE",210,0,0,0,0,0,0,7266,168,21,21,3528,3528,2,1,1,1,1,0,1,1,2,1,1,0,4,3,7266,0,0,7266,0,4,1,0,0,0,0,0,0,0,1,1,0,inf,0,"UNKNOWN_TEXT","UNKNOWN_TEXT","POST_FDE_DETECTOR_AND_PL;ATOMIC_CERTIFIED_PUBLISH",0,0,inf,0,"","","1",1092561012902804045,1,"REFUSED","no publication certificate was issued for this attempt; missing identity: pl_detector_certificate_id;protection_level_m","FDE_EVALUATING","UNAVAILABLE","UNAVAILABLE -> UNAVAILABLE",1,0,1,"FINISH_DEADLINE_MISSED","pl_detector_certificate_id;protection_level_m",18301142644834556193,7,16268342725013596589,9056656343633310150,13276243065478317808,"dual_channel_v1;all_in_graph_residual_diagnostic",1092561012902804045,0,1,1,1352901646,300000000,50000000,1094709576,0,1,0,0,"","EXECUTED",""
uwb-imu-pl/gate-d-diagnostics/v16,8,400000000,8,8,8,1,1,8,400000000,"1001;1002;2001;2002;3001;3002;4001;4002;5001;5002;6001;6002;7001;7002;8000;8001;8002",7,8,0.049999999999999989,0,11,0,0,8,80,7,182775,33,50,138640,"new frozen transaction/version",0.027207145094241717,inf,3.0000000000000004e-05,9.9999999999999995e-08,0,0,0,9.9000000000000001e-06,4.0000000000000003e-05,4.0000000000000003e-05,nan,0.00014194000000000004,nan,0,0,5,3,2,"nominal=0.000030:VALIDATED;p_nm=0.000000:VALIDATED;hypotheses=0.000010:VALIDATED;hypotheses_miss_channel=0.000102:VALIDATED;bridge=UNKNOWN:ASSUMED_UNVALIDATED;history=UNKNOWN:ASSUMED_UNVALIDATED;model=UNKNOWN:ASSUMED_UNVALIDATED;omitted=UNKNOWN:NOT_IMPLEMENTED;envelope=UNKNOWN:NOT_IMPLEMENTED;selection=0.000000:VALIDATED","COMPLETE",240,0,0,0,0,0,0,9456,192,24,24,4608,4608,2,1,1,1,1,0,1,1,2,1,1,0,4,3,9456,0,0,9456,0,4,1,0,0,0,0,0,0,0,1,1,0,inf,0,"UNKNOWN_TEXT","UNKNOWN_TEXT","POST_FDE_DETECTOR_AND_PL;ATOMIC_CERTIFIED_PUBLISH",0,0,inf,0,"","","1",1092561012902804045,1,"REFUSED","no publication certificate was issued for this attempt; missing identity: pl_detector_certificate_id;protection_level_m","FDE_EVALUATING","UNAVAILABLE","UNAVAILABLE -> UNAVAILABLE",1,0,1,"FINISH_DEADLINE_MISSED","pl_detector_certificate_id;protection_level_m",12635171733144832309,8,3467257643830880530,9056656343633310150,13276243065478317808,"dual_channel_v1;all_in_graph_residual_diagnostic",1092561012902804045,0,1,1,2203368828,350000000,50000000,1895176758,0,1,0,0,"","EXECUTED",""
uwb-imu-pl/gate-d-diagnostics/v16,9,450000000,9,9,9,1,1,9,450000000,"1001;1002;2001;2002;3001;3002;4001;4002;5001;5002;6001;6002;7001;7002;8001;8002;9000;9001;9002",8,9,0.049999999999999989,0,11,0,0,9,99,8,254384,37,56,155216,"new frozen transaction/version",0.073313742954425998,inf,3.0000000000000004e-05,9.9999999999999995e-08,0,0,0,9.9000000000000001e-06,4.0000000000000003e-05,4.0000000000000003e-05,nan,0.00016888000000000002,nan,0,0,5,3,2,"nominal=0.000030:VALIDATED;p_nm=0.000000:VALIDATED;hypotheses=0.000010:VALIDATED;hypotheses_miss_channel=0.000129:VALIDATED;bridge=UNKNOWN:ASSUMED_UNVALIDATED;history=UNKNOWN:ASSUMED_UNVALIDATED;model=UNKNOWN:ASSUMED_UNVALIDATED;omitted=UNKNOWN:NOT_IMPLEMENTED;envelope=UNKNOWN:NOT_IMPLEMENTED;selection=0.000000:VALIDATED","COMPLETE",270,0,0,0,0,0,0,11934,216,27,27,5832,5832,2,1,1,1,1,0,1,1,2,1,1,0,4,3,11934,0,0,11934,0,4,1,0,0,0,0,0,0,0,1,1,0,inf,0,"UNKNOWN_TEXT","UNKNOWN_TEXT","POST_FDE_DETECTOR_AND_PL;ATOMIC_CERTIFIED_PUBLISH",0,0,inf,0,"","","1",1092561012902804045,1,"REFUSED","no publication certificate was issued for this attempt; missing identity: pl_detector_certificate_id;protection_level_m","FDE_EVALUATING","UNAVAILABLE","UNAVAILABLE -> UNAVAILABLE",1,0,1,"FINISH_DEADLINE_MISSED","pl_detector_certificate_id;protection_level_m",730750713018560953,9,14565998366999211329,9056656343633310150,13276243065478317808,"dual_channel_v1;all_in_graph_residual_diagnostic",1092561012902804045,0,1,1,3364441698,400000000,50000000,3006249628,1,1,0,0,"data is stale by the sensor timestamp","EXECUTED",""
uwb-imu-pl/gate-d-diagnostics/v16,10,500000000,10,10,10,1,1,10,500000000,"1001;1002;2001;2002;3001;3002;4001;4002;5001;5002;6001;6002;7001;7002;8001;8002;9001;9002;10000;10001;10002",9,10,0.049999999999999989,0,11,0,0,10,120,9,342589,41,62,171792,"new frozen transaction/version",0.0173204775308827,inf,3.0000000000000004e-05,9.9999999999999995e-08,0,0,0,9.9000000000000001e-06,4.0000000000000003e-05,4.0000000000000003e-05,nan,0.00019870000000000003,nan,0,0,5,3,2,"nominal=0.000030:VALIDATED;p_nm=0.000000:VALIDATED;hypotheses=0.000010:VALIDATED;hypotheses_miss_channel=0.000159:VALIDATED;bridge=UNKNOWN:ASSUMED_UNVALIDATED;history=UNKNOWN:ASSUMED_UNVALIDATED;model=UNKNOWN:ASSUMED_UNVALIDATED;omitted=UNKNOWN:NOT_IMPLEMENTED;envelope=UNKNOWN:NOT_IMPLEMENTED;selection=0.000000:VALIDATED","COMPLETE",300,0,0,0,0,0,0,14700,240,30,30,7200,7200,2,1,1,1,1,0,1,1,2,1,1,0,4,3,14700,0,0,14700,0,4,1,0,0,0,0,0,0,0,1,1,0,inf,0,"UNKNOWN_TEXT","UNKNOWN_TEXT","POST_FDE_DETECTOR_AND_PL;ATOMIC_CERTIFIED_PUBLISH",0,0,inf,0,"","","1",1092561012902804045,1,"REFUSED","no publication certificate was issued for this attempt; missing identity: pl_detector_certificate_id;protection_level_m","FDE_EVALUATING","UNAVAILABLE","UNAVAILABLE -> UNAVAILABLE",1,0,1,"FINISH_DEADLINE_MISSED","pl_detector_certificate_id;protection_level_m",14387648347329103767,10,12912650112229422956,9056656343633310150,13276243065478317808,"dual_channel_v1;all_in_graph_residual_diagnostic",1092561012902804045,0,1,1,4949866808,450000000,50000000,4541674738,1,1,0,0,"data is stale by the sensor timestamp","EXECUTED",""
uwb-imu-pl/gate-d-diagnostics/v16,11,550000000,11,11,11,1,1,11,550000000,"1002;2001;2002;3001;3002;4001;4002;5001;5002;6001;6002;7001;7002;8001;8002;9001;9002;10001;10002;11000;11001;11002",10,11,0.050000000000000044,0,11,0,0,11,142,10,439578,45,67,177056,"new frozen transaction/version",0.013118757168914095,inf,3.0000000000000004e-05,9.9999999999999995e-08,0,0,0,9.9000000000000001e-06,4.0000000000000003e-05,4.0000000000000003e-05,nan,0.00021550000000000003,nan,0,0,5,3,2,"nominal=0.000030:VALIDATED;p_nm=0.000000:VALIDATED;hypotheses=0.000010:VALIDATED;hypotheses_miss_channel=0.000176:VALIDATED;bridge=UNKNOWN:ASSUMED_UNVALIDATED;history=UNKNOWN:ASSUMED_UNVALIDATED;model=UNKNOWN:ASSUMED_UNVALIDATED;omitted=UNKNOWN:NOT_IMPLEMENTED;envelope=UNKNOWN:NOT_IMPLEMENTED;selection=0.000000:VALIDATED","COMPLETE",324,0,0,0,0,0,0,16164,264,30,30,7920,7920,2,1,1,1,1,0,1,1,2,1,1,0,4,3,16164,0,0,16164,0,4,1,0,0,0,0,0,0,0,1,1,0,inf,0,"UNKNOWN_TEXT","UNKNOWN_TEXT","POST_FDE_DETECTOR_AND_PL;ATOMIC_CERTIFIED_PUBLISH",0,0,inf,0,"","","1",1092561012902804045,1,"REFUSED","no publication certificate was issued for this attempt; missing identity: pl_detector_certificate_id;protection_level_m","FDE_EVALUATING","UNAVAILABLE","UNAVAILABLE -> UNAVAILABLE",1,0,1,"FINISH_DEADLINE_MISSED","pl_detector_certificate_id;protection_level_m",3574042210143134373,11,11030644271114119338,9056656343633310150,13276243065478317808,"dual_channel_v1;all_in_graph_residual_diagnostic",1092561012902804045,0,1,1,6969516203,500000000,50000000,6511324133,1,1,0,0,"data is stale by the sensor timestamp","EXECUTED",""
uwb-imu-pl/gate-d-diagnostics/v16,12,600000000,12,12,12,1,1,12,600000000,"2002;3001;3002;4001;4002;5001;5002;6001;6002;7001;7002;8001;8002;9001;9002;10001;10002;11001;11002;12000;12001;12002",11,12,0.050000000000000044,0,11,0,0,12,164,11,480355,48,70,177056,"new frozen transaction/version",0.023898071110169825,inf,3.0000000000000004e-05,9.9999999999999995e-08,0,0,0,9.9000000000000001e-06,4.0000000000000003e-05,4.0000000000000003e-05,nan,nan,nan,0,0,0,0,0,"complete risk ledger unavailable before selection closure","COMPLETE",354,0,0,0,0,0,0,19362,288,33,33,9504,9504,2,1,1,1,1,0,1,1,2,1,1,0,4,3,19362,0,0,19362,0,4,1,0,0,0,0,0,0,0,1,1,0,inf,0,"NUMERICAL_CERTIFICATE_UNRESOLVED","NUMERICAL_CERTIFICATE_UNRESOLVED;UNKNOWN_TEXT","POST_FDE_DETECTOR_AND_PL;ATOMIC_CERTIFIED_PUBLISH",0,0,inf,0,"","","",0,1,"REFUSED","no publication certificate was issued for this attempt; missing identity: risk_proof_id;pl_detector_certificate_id;protection_level_m","FDE_EVALUATING","UNAVAILABLE","UNAVAILABLE -> UNAVAILABLE",1,0,1,"FINISH_DEADLINE_MISSED","risk_proof_id;pl_detector_certificate_id;protection_level_m",6670073543340541855,12,1668204601344561976,9056656343633310150,13276243065478317808,"dual_channel_v1;all_in_graph_residual_diagnostic",0,0,1,1,9262778152,550000000,50000000,8754586082,1,1,0,0,"data is stale by the sensor timestamp","EXECUTED",""
uwb-imu-pl/gate-d-diagnostics/v16,13,650000000,13,13,13,1,1,13,650000000,"3002;4001;4002;5001;5002;6001;6002;7001;7002;8001;8002;9001;9002;10001;10002;11001;11002;12001;12002;13000;13001;13002",12,13,0.049999999999999933,0,11,0,0,13,186,12,532564,51,73,177056,"new frozen transaction/version",0.055949285880029558,inf,3.0000000000000004e-05,9.9999999999999995e-08,0,0,0,9.9000000000000001e-06,4.0000000000000003e-05,4.0000000000000003e-05,nan,nan,nan,0,0,0,0,0,"complete risk ledger unavailable before selection closure","COMPLETE",384,0,0,0,0,0,0,22848,312,36,36,11232,11232,2,1,1,1,1,0,1,1,2,1,1,0,4,3,22848,0,0,22848,0,4,1,0,0,0,0,0,0,0,1,1,0,inf,0,"NUMERICAL_CERTIFICATE_UNRESOLVED","NUMERICAL_CERTIFICATE_UNRESOLVED;UNKNOWN_TEXT","POST_FDE_DETECTOR_AND_PL;ATOMIC_CERTIFIED_PUBLISH",0,0,inf,0,"","","",0,1,"REFUSED","no publication certificate was issued for this attempt; missing identity: risk_proof_id;pl_detector_certificate_id;protection_level_m","FDE_EVALUATING","UNAVAILABLE","UNAVAILABLE -> UNAVAILABLE",1,0,1,"FINISH_DEADLINE_MISSED","risk_proof_id;pl_detector_certificate_id;protection_level_m",86951623561808777,13,7750193792930614952,9056656343633310150,13276243065478317808,"dual_channel_v1;all_in_graph_residual_diagnostic",0,0,1,1,10223397723,600000000,50000000,9665205653,1,1,0,0,"data is stale by the sensor timestamp","EXECUTED",""
uwb-imu-pl/gate-d-diagnostics/v16,14,700000000,14,14,14,1,1,14,700000000,"4002;5001;5002;6001;6002;7001;7002;8001;8002;9001;9002;10001;10002;11001;11002;12001;12002;13001;13002;14000;14001;14002",13,14,0.050000000000000044,0,11,0,0,14,208,13,596013,54,76,177056,"new frozen transaction/version",0.032353671839756626,inf,3.0000000000000004e-05,9.9999999999999995e-08,0,0,0,9.9000000000000001e-06,4.0000000000000003e-05,4.0000000000000003e-05,nan,nan,nan,0,0,0,0,0,"complete risk ledger unavailable before selection closure","COMPLETE",414,0,0,0,0,0,0,26622,336,39,39,13104,13104,2,1,1,1,1,0,1,1,2,1,1,0,4,3,26622,0,0,26622,0,4,1,0,0,0,0,0,0,0,1,1,0,inf,0,"NUMERICAL_CERTIFICATE_UNRESOLVED","NUMERICAL_CERTIFICATE_UNRESOLVED;UNKNOWN_TEXT","POST_FDE_DETECTOR_AND_PL;ATOMIC_CERTIFIED_PUBLISH",0,0,inf,0,"","","",0,1,"REFUSED","no publication certificate was issued for this attempt; missing identity: risk_proof_id;pl_detector_certificate_id;protection_level_m","FDE_EVALUATING","UNAVAILABLE","UNAVAILABLE -> UNAVAILABLE",1,0,1,"FINISH_DEADLINE_MISSED","risk_proof_id;pl_detector_certificate_id;protection_level_m",9803052643670544391,14,10493874188089982455,9056656343633310150,13276243065478317808,"dual_channel_v1;all_in_graph_residual_diagnostic",0,0,1,1,11410035347,650000000,50000000,10801843277,1,1,0,0,"data is stale by the sensor timestamp","EXECUTED",""
uwb-imu-pl/gate-d-diagnostics/v16,15,750000000,15,15,15,1,1,15,750000000,"5002;6001;6002;7001;7002;8001;8002;9001;9002;10001;10002;11001;11002;12001;12002;13001;13002;14001;14002;15000;15001;15002",14,15,0.049999999999999933,0,11,0,0,15,230,14,671560,57,79,177056,"new frozen transaction/version",0.040351851846535419,inf,3.0000000000000004e-05,9.9999999999999995e-08,0,0,0,9.9000000000000001e-06,4.0000000000000003e-05,4.0000000000000003e-05,nan,nan,nan,0,0,0,0,0,"complete risk ledger unavailable before selection closure","COMPLETE",444,0,0,0,0,0,0,30684,360,42,42,15120,15120,2,1,1,1,1,0,1,1,2,1,1,0,4,3,30684,0,0,30684,0,4,1,0,0,0,0,0,0,0,1,1,0,inf,0,"NUMERICAL_CERTIFICATE_UNRESOLVED","NUMERICAL_CERTIFICATE_UNRESOLVED;UNKNOWN_TEXT","POST_FDE_DETECTOR_AND_PL;ATOMIC_CERTIFIED_PUBLISH",0,0,inf,0,"","","",0,1,"REFUSED","no publication certificate was issued for this attempt; missing identity: risk_proof_id;pl_detector_certificate_id;protection_level_m","FDE_EVALUATING","UNAVAILABLE","UNAVAILABLE -> UNAVAILABLE",1,0,1,"FINISH_DEADLINE_MISSED","risk_proof_id;pl_detector_certificate_id;protection_level_m",641852240949757125,15,7179758202508784779,9056656343633310150,13276243065478317808,"dual_channel_v1;all_in_graph_residual_diagnostic",0,0,1,1,12800054961,700000000,50000000,12141862891,1,1,0,0,"data is stale by the sensor timestamp","EXECUTED",""
uwb-imu-pl/gate-d-diagnostics/v16,16,800000000,16,16,16,1,1,16,800000000,"6002;7001;7002;8001;8002;9001;9002;10001;10002;11001;11002;12001;12002;13001;13002;14001;14002;15001;15002;16000;16001;16002",15,16,0.050000000000000044,0,11,0,0,16,252,15,760067,60,82,177056,"new frozen transaction/version",0.016388107989962358,inf,3.0000000000000004e-05,9.9999999999999995e-08,0,0,0,9.9000000000000001e-06,4.0000000000000003e-05,4.0000000000000003e-05,nan,nan,nan,0,0,0,0,0,"complete risk ledger unavailable before selection closure","COMPLETE",474,0,0,0,0,0,0,35034,384,45,45,17280,17280,2,1,1,1,1,0,1,1,2,1,1,0,4,3,35034,0,0,35034,0,4,1,0,0,0,0,0,0,0,1,1,0,inf,0,"NUMERICAL_CERTIFICATE_UNRESOLVED","NUMERICAL_CERTIFICATE_UNRESOLVED;UNKNOWN_TEXT","POST_FDE_DETECTOR_AND_PL;ATOMIC_CERTIFIED_PUBLISH",0,0,inf,0,"","","",0,1,"REFUSED","no publication certificate was issued for this attempt; missing identity: risk_proof_id;pl_detector_certificate_id;protection_level_m","FDE_EVALUATING","UNAVAILABLE","UNAVAILABLE -> UNAVAILABLE",1,0,1,"FINISH_DEADLINE_MISSED","risk_proof_id;pl_detector_certificate_id;protection_level_m",1978934208162848479,16,15357755226667432704,9056656343633310150,13276243065478317808,"dual_channel_v1;all_in_graph_residual_diagnostic",0,0,1,1,14441550995,750000000,50000000,13733358925,1,1,0,0,"data is stale by the sensor timestamp","EXECUTED",""
uwb-imu-pl/gate-d-diagnostics/v16,17,850000000,17,17,17,1,1,17,850000000,"7002;8001;8002;9001;9002;10001;10002;11001;11002;12001;12002;13001;13002;14001;14002;15001;15002;16001;16002;17000;17001;17002",16,17,0.050000000000000044,0,11,0,0,17,274,16,862392,63,85,177056,"new frozen transaction/version",0.04875048465124962,inf,3.0000000000000004e-05,9.9999999999999995e-08,0,0,0,9.9000000000000001e-06,4.0000000000000003e-05,4.0000000000000003e-05,nan,nan,nan,0,0,0,0,0,"complete risk ledger unavailable before selection closure","COMPLETE",504,0,0,0,0,0,0,39672,408,48,48,19584,19584,2,1,1,1,1,0,1,1,2,1,1,0,4,3,39672,0,0,39672,0,4,1,0,0,0,0,0,0,0,1,1,0,inf,0,"NUMERICAL_CERTIFICATE_UNRESOLVED","NUMERICAL_CERTIFICATE_UNRESOLVED;UNKNOWN_TEXT","POST_FDE_DETECTOR_AND_PL;ATOMIC_CERTIFIED_PUBLISH",0,0,inf,0,"","","",0,1,"REFUSED","no publication certificate was issued for this attempt; missing identity: risk_proof_id;pl_detector_certificate_id;protection_level_m","FDE_EVALUATING","UNAVAILABLE","UNAVAILABLE -> UNAVAILABLE",1,0,1,"FINISH_DEADLINE_MISSED","risk_proof_id;pl_detector_certificate_id;protection_level_m",13650905149153104625,17,2923661273206682671,9056656343633310150,13276243065478317808,"dual_channel_v1;all_in_graph_residual_diagnostic",0,0,1,1,16408692486,800000000,50000000,15650500416,1,1,0,0,"data is stale by the sensor timestamp","EXECUTED",""
uwb-imu-pl/gate-d-diagnostics/v16,18,900000000,18,18,18,1,1,18,900000000,"8002;9001;9002;10001;10002;11001;11002;12001;12002;13001;13002;14001;14002;15001;15002;16001;16002;17001;17002;18000;18001;18002",17,18,0.049999999999999933,0,11,0,0,18,296,17,979407,66,88,177056,"new frozen transaction/version",0.039931863090495991,inf,3.0000000000000004e-05,9.9999999999999995e-08,0,0,0,9.9000000000000001e-06,4.0000000000000003e-05,4.0000000000000003e-05,nan,nan,nan,0,0,0,0,0,"complete risk ledger unavailable before selection closure","COMPLETE",534,0,0,0,0,0,0,44598,432,51,51,22032,22032,2,1,1,1,1,0,1,1,2,1,1,0,4,3,44598,0,0,44598,0,4,1,0,0,0,0,0,0,0,1,1,0,inf,0,"NUMERICAL_CERTIFICATE_UNRESOLVED","NUMERICAL_CERTIFICATE_UNRESOLVED;UNKNOWN_TEXT","POST_FDE_DETECTOR_AND_PL;ATOMIC_CERTIFIED_PUBLISH",0,0,inf,0,"","","",0,1,"REFUSED","no publication certificate was issued for this attempt; missing identity: risk_proof_id;pl_detector_certificate_id;protection_level_m","FDE_EVALUATING","UNAVAILABLE","UNAVAILABLE -> UNAVAILABLE",1,0,1,"FINISH_DEADLINE_MISSED","risk_proof_id;pl_detector_certificate_id;protection_level_m",5226176208444227511,18,7230935819099039268,9056656343633310150,13276243065478317808,"dual_channel_v1;all_in_graph_residual_diagnostic",0,0,1,1,18672733748,850000000,50000000,17864541678,1,1,0,0,"data is stale by the sensor timestamp","EXECUTED",""
uwb-imu-pl/gate-d-diagnostics/v16,19,950000000,19,19,19,1,1,19,950000000,"9002;10001;10002;11001;11002;12001;12002;13001;13002;14001;14002;15001;15002;16001;16002;17001;17002;18001;18002;19000;19001;19002",18,19,0.050000000000000044,0,11,0,0,19,318,18,1111984,69,91,177056,"new frozen transaction/version",0.055564000368595691,inf,3.0000000000000004e-05,9.9999999999999995e-08,0,0,0,9.9000000000000001e-06,4.0000000000000003e-05,4.0000000000000003e-05,nan,nan,nan,0,0,0,0,0,"complete risk ledger unavailable before selection closure","COMPLETE",564,0,0,0,0,0,0,49812,456,54,54,24624,24624,2,1,1,1,1,0,1,1,2,1,1,0,4,3,49812,0,0,49812,0,4,1,0,0,0,0,0,0,0,1,1,0,inf,0,"NUMERICAL_CERTIFICATE_UNRESOLVED","NUMERICAL_CERTIFICATE_UNRESOLVED;UNKNOWN_TEXT","POST_FDE_DETECTOR_AND_PL;ATOMIC_CERTIFIED_PUBLISH",0,0,inf,0,"","","",0,1,"REFUSED","no publication certificate was issued for this attempt; missing identity: risk_proof_id;pl_detector_certificate_id;protection_level_m","FDE_EVALUATING","UNAVAILABLE","UNAVAILABLE -> UNAVAILABLE",1,0,1,"FINISH_DEADLINE_MISSED","risk_proof_id;pl_detector_certificate_id;protection_level_m",16276199269934313717,19,16885878319772370663,9056656343633310150,13276243065478317808,"dual_channel_v1;all_in_graph_residual_diagnostic",0,0,1,1,21318619172,900000000,50000000,20460427102,1,1,0,0,"data is stale by the sensor timestamp","EXECUTED",""
uwb-imu-pl/gate-d-diagnostics/v16,20,1000000000,20,20,20,1,1,20,1000000000,"10002;11001;11002;12001;12002;13001;13002;14001;14002;15001;15002;16001;16002;17001;17002;18001;18002;19001;19002;20000;20001;20002",19,20,0.049999999999999933,0,11,0,0,20,340,19,1261009,72,94,177056,"new frozen transaction/version",0.071083839470947555,inf,3.0000000000000004e-05,9.9999999999999995e-08,0,0,0,9.9000000000000001e-06,4.0000000000000003e-05,4.0000000000000003e-05,nan,nan,nan,0,0,0,0,0,"complete risk ledger unavailable before selection closure","COMPLETE",594,0,0,0,0,0,0,55314,480,57,57,27360,27360,2,1,1,1,1,0,1,1,2,1,1,0,4,3,55314,0,0,55314,0,4,1,0,0,0,0,0,0,0,1,1,0,inf,0,"NUMERICAL_CERTIFICATE_UNRESOLVED","NUMERICAL_CERTIFICATE_UNRESOLVED;UNKNOWN_TEXT","POST_FDE_DETECTOR_AND_PL;ATOMIC_CERTIFIED_PUBLISH",0,0,inf,0,"","","",0,1,"REFUSED","no publication certificate was issued for this attempt; missing identity: risk_proof_id;pl_detector_certificate_id;protection_level_m","FDE_EVALUATING","UNAVAILABLE","UNAVAILABLE -> UNAVAILABLE",1,0,1,"FINISH_DEADLINE_MISSED","risk_proof_id;pl_detector_certificate_id;protection_level_m",13869446938537030733,20,14743753363409897357,9056656343633310150,13276243065478317808,"dual_channel_v1;all_in_graph_residual_diagnostic",0,0,1,1,24438077358,950000000,50000000,23529885288,1,1,0,0,"data is stale by the sensor timestamp","EXECUTED",""
uwb-imu-pl/gate-d-diagnostics/v16,21,1050000000,21,21,21,1,1,21,1050000000,"11002;12001;12002;13001;13002;14001;14002;15001;15002;16001;16002;17001;17002;18001;18002;19001;19002;20001;20002;21000;21001;21002",20,21,0.050000000000000044,0,11,0,0,21,362,20,1427296,75,97,177056,"new frozen transaction/version",0.096591351354171059,inf,3.0000000000000004e-05,9.9999999999999995e-08,0,0,0,9.9000000000000001e-06,4.0000000000000003e-05,4.0000000000000003e-05,nan,nan,nan,0,0,0,0,0,"complete risk ledger unavailable before selection closure","COMPLETE",624,0,0,0,0,0,0,61104,504,60,60,30240,30240,2,1,1,1,1,0,1,1,2,1,1,0,4,3,61104,0,0,61104,0,4,1,0,0,0,0,0,0,0,1,1,0,inf,0,"NUMERICAL_CERTIFICATE_UNRESOLVED","NUMERICAL_CERTIFICATE_UNRESOLVED;UNKNOWN_TEXT","POST_FDE_DETECTOR_AND_PL;ATOMIC_CERTIFIED_PUBLISH",0,0,inf,0,"","","",0,1,"REFUSED","no publication certificate was issued for this attempt; missing identity: risk_proof_id;pl_detector_certificate_id;protection_level_m","FDE_EVALUATING","UNAVAILABLE","UNAVAILABLE -> UNAVAILABLE",1,0,1,"FINISH_DEADLINE_MISSED","risk_proof_id;pl_detector_certificate_id;protection_level_m",15704874108895970307,21,451259521702538451,9056656343633310150,13276243065478317808,"dual_channel_v1;all_in_graph_residual_diagnostic",0,0,1,1,28064661259,1000000000,50000000,27106469189,1,1,0,0,"data is stale by the sensor timestamp","EXECUTED",""
uwb-imu-pl/gate-d-diagnostics/v16,22,1100000000,22,22,22,1,1,22,1100000000,"12002;13001;13002;14001;14002;15001;15002;16001;16002;17001;17002;18001;18002;19001;19002;20001;20002;21001;21002;22000;22001;22002",21,22,0.050000000000000044,0,11,0,0,22,384,21,1593569,78,100,177056,"new frozen transaction/version",0.033212208890181075,inf,3.0000000000000004e-05,9.9999999999999995e-08,0,0,0,9.9000000000000001e-06,4.0000000000000003e-05,4.0000000000000003e-05,nan,nan,nan,0,0,0,0,0,"complete risk ledger unavailable before selection closure","COMPLETE",624,0,0,0,0,0,0,61104,504,60,60,30240,30240,2,1,1,1,1,0,1,1,2,1,1,0,4,3,61104,0,0,61104,0,4,1,0,0,0,0,0,0,0,1,1,0,inf,0,"NUMERICAL_CERTIFICATE_UNRESOLVED","NUMERICAL_CERTIFICATE_UNRESOLVED;UNKNOWN_TEXT","POST_FDE_DETECTOR_AND_PL;ATOMIC_CERTIFIED_PUBLISH",0,0,inf,0,"","","",0,1,"REFUSED","no publication certificate was issued for this attempt; missing identity: risk_proof_id;pl_detector_certificate_id;protection_level_m","FDE_EVALUATING","UNAVAILABLE","UNAVAILABLE -> UNAVAILABLE",1,0,1,"FINISH_DEADLINE_MISSED","risk_proof_id;pl_detector_certificate_id;protection_level_m",12933959647631732341,22,16726875772226872306,9056656343633310150,13276243065478317808,"dual_channel_v1;all_in_graph_residual_diagnostic",0,0,1,1,32270063568,1050000000,50000000,31261871498,1,1,0,0,"data is stale by the sensor timestamp","EXECUTED",""
uwb-imu-pl/gate-d-diagnostics/v16,23,1150000000,23,23,23,1,1,23,1150000000,"13002;14001;14002;15001;15002;16001;16002;17001;17002;18001;18002;19001;19002;20001;20002;21001;21002;22001;22002;23000;23001;23002",22,23,0.050000000000000044,0,11,0,0,23,406,22,1759821,78,100,177056,"new frozen transaction/version",0.091152899031780213,inf,3.0000000000000004e-05,9.9999999999999995e-08,0,0,0,9.9000000000000001e-06,4.0000000000000003e-05,4.0000000000000003e-05,nan,nan,nan,0,0,0,0,0,"complete risk ledger unavailable before selection closure","COMPLETE",624,0,0,0,0,0,0,61104,504,60,60,30240,30240,2,1,1,1,1,0,1,1,2,1,1,0,4,3,61104,0,0,61104,0,4,1,0,0,0,0,0,0,0,1,1,0,inf,0,"NUMERICAL_CERTIFICATE_UNRESOLVED","NUMERICAL_CERTIFICATE_UNRESOLVED;UNKNOWN_TEXT","POST_FDE_DETECTOR_AND_PL;ATOMIC_CERTIFIED_PUBLISH",0,0,inf,0,"","","",0,1,"REFUSED","no publication certificate was issued for this attempt; missing identity: risk_proof_id;pl_detector_certificate_id;protection_level_m","FDE_EVALUATING","UNAVAILABLE","UNAVAILABLE -> UNAVAILABLE",1,0,1,"FINISH_DEADLINE_MISSED","risk_proof_id;pl_detector_certificate_id;protection_level_m",16461589513840740991,23,8175098158820548497,9056656343633310150,13276243065478317808,"dual_channel_v1;all_in_graph_residual_diagnostic",0,0,1,1,36673100634,1100000000,50000000,35614908564,1,1,0,0,"data is stale by the sensor timestamp","EXECUTED",""
uwb-imu-pl/gate-d-diagnostics/v16,24,1200000000,24,24,24,1,1,24,1200000000,"14002;15001;15002;16001;16002;17001;17002;18001;18002;19001;19002;20001;20002;21001;21002;22001;22002;23001;23002;24000;24001;24002",23,24,0.050000000000000044,0,11,0,0,24,428,23,1926109,78,100,177056,"new frozen transaction/version",0.089710716063458124,inf,3.0000000000000004e-05,9.9999999999999995e-08,0,0,0,9.9000000000000001e-06,4.0000000000000003e-05,4.0000000000000003e-05,nan,nan,nan,0,0,0,0,0,"complete risk ledger unavailable before selection closure","COMPLETE",624,0,0,0,0,0,0,61104,504,60,60,30240,30240,2,1,1,1,1,0,1,1,2,1,1,0,4,3,61104,0,0,61104,0,4,1,0,0,0,0,0,0,0,1,1,0,inf,0,"NUMERICAL_CERTIFICATE_UNRESOLVED","NUMERICAL_CERTIFICATE_UNRESOLVED;UNKNOWN_TEXT","POST_FDE_DETECTOR_AND_PL;ATOMIC_CERTIFIED_PUBLISH",0,0,inf,0,"","","",0,1,"REFUSED","no publication certificate was issued for this attempt; missing identity: risk_proof_id;pl_detector_certificate_id;protection_level_m","FDE_EVALUATING","UNAVAILABLE","UNAVAILABLE -> UNAVAILABLE",1,0,1,"FINISH_DEADLINE_MISSED","risk_proof_id;pl_detector_certificate_id;protection_level_m",10694552273494130917,24,7931716420409951521,9056656343633310150,13276243065478317808,"dual_channel_v1;all_in_graph_residual_diagnostic",0,0,1,1,41269195925,1150000000,50000000,40161003855,1,1,0,0,"data is stale by the sensor timestamp","EXECUTED",""
uwb-imu-pl/gate-d-diagnostics/v16,25,1250000000,25,25,25,1,1,25,1250000000,"15002;16001;16002;17001;17002;18001;18002;19001;19002;20001;20002;21001;21002;22001;22002;23001;23002;24001;24002;25000;25001;25002",24,25,0.049999999999999822,0,11,0,0,25,450,24,2092371,78,100,177056,"new frozen transaction/version",0.089745777230881674,inf,3.0000000000000004e-05,9.9999999999999995e-08,0,0,0,9.9000000000000001e-06,4.0000000000000003e-05,4.0000000000000003e-05,nan,nan,nan,0,0,0,0,0,"complete risk ledger unavailable before selection closure","COMPLETE",624,0,0,0,0,0,0,61104,504,60,60,30240,30240,2,1,1,1,1,0,1,1,2,1,1,0,4,3,61104,0,0,61104,0,4,1,0,0,0,0,0,0,0,1,1,0,inf,0,"NUMERICAL_CERTIFICATE_UNRESOLVED","NUMERICAL_CERTIFICATE_UNRESOLVED;UNKNOWN_TEXT","POST_FDE_DETECTOR_AND_PL;ATOMIC_CERTIFIED_PUBLISH",0,0,inf,0,"","","",0,1,"REFUSED","no publication certificate was issued for this attempt; missing identity: risk_proof_id;pl_detector_certificate_id;protection_level_m","FDE_EVALUATING","UNAVAILABLE","UNAVAILABLE -> UNAVAILABLE",1,0,1,"FINISH_DEADLINE_MISSED","risk_proof_id;pl_detector_certificate_id;protection_level_m",2328171248435277587,25,8576982657082501029,9056656343633310150,13276243065478317808,"dual_channel_v1;all_in_graph_residual_diagnostic",0,0,1,1,46261678845,1200000000,50000000,45103486775,1,1,0,0,"data is stale by the sensor timestamp","EXECUTED",""
uwb-imu-pl/gate-d-diagnostics/v16,26,1300000000,26,26,26,1,1,26,1300000000,"16002;17001;17002;18001;18002;19001;19002;20001;20002;21001;21002;22001;22002;23001;23002;24001;24002;25001;25002;26000;26001;26002",25,26,0.050000000000000044,0,11,0,0,26,472,25,2258665,78,100,177056,"new frozen transaction/version",0.053523376157464435,inf,3.0000000000000004e-05,9.9999999999999995e-08,0,0,0,9.9000000000000001e-06,4.0000000000000003e-05,4.0000000000000003e-05,nan,nan,nan,0,0,0,0,0,"complete risk ledger unavailable before selection closure","COMPLETE",624,0,0,0,0,0,0,61104,504,60,60,30240,30240,2,1,1,1,1,0,1,1,2,1,1,0,4,3,61104,0,0,61104,0,4,1,0,0,0,0,0,0,0,1,1,0,inf,0,"NUMERICAL_CERTIFICATE_UNRESOLVED","NUMERICAL_CERTIFICATE_UNRESOLVED;UNKNOWN_TEXT","POST_FDE_DETECTOR_AND_PL;ATOMIC_CERTIFIED_PUBLISH",0,0,inf,0,"","","",0,1,"REFUSED","no publication certificate was issued for this attempt; missing identity: risk_proof_id;pl_detector_certificate_id;protection_level_m","FDE_EVALUATING","UNAVAILABLE","UNAVAILABLE -> UNAVAILABLE",1,0,1,"FINISH_DEADLINE_MISSED","risk_proof_id;pl_detector_certificate_id;protection_level_m",9746489569497304749,26,9507093284648901258,9056656343633310150,13276243065478317808,"dual_channel_v1;all_in_graph_residual_diagnostic",0,0,1,1,51838854504,1250000000,50000000,50630662434,1,1,0,0,"data is stale by the sensor timestamp","EXECUTED",""
uwb-imu-pl/gate-d-diagnostics/v16,27,1350000000,27,27,27,1,1,27,1350000000,"17002;18001;18002;19001;19002;20001;20002;21001;21002;22001;22002;23001;23002;24001;24002;25001;25002;26001;26002;27000;27001;27002",26,27,0.050000000000000044,0,11,0,0,27,494,26,2424949,78,100,177056,"new frozen transaction/version",0.052463738395059037,inf,3.0000000000000004e-05,9.9999999999999995e-08,0,0,0,9.9000000000000001e-06,4.0000000000000003e-05,4.0000000000000003e-05,nan,nan,nan,0,0,0,0,0,"complete risk ledger unavailable before selection closure","COMPLETE",624,0,0,0,0,0,0,61104,504,60,60,30240,30240,2,1,1,1,1,0,1,1,2,1,1,0,4,3,61104,0,0,61104,0,4,1,0,0,0,0,0,0,0,1,1,0,inf,0,"NUMERICAL_CERTIFICATE_UNRESOLVED","NUMERICAL_CERTIFICATE_UNRESOLVED;UNKNOWN_TEXT","POST_FDE_DETECTOR_AND_PL;ATOMIC_CERTIFIED_PUBLISH",0,0,inf,0,"","","",0,1,"REFUSED","no publication certificate was issued for this attempt; missing identity: risk_proof_id;pl_detector_certificate_id;protection_level_m","FDE_EVALUATING","UNAVAILABLE","UNAVAILABLE -> UNAVAILABLE",1,0,1,"FINISH_DEADLINE_MISSED","risk_proof_id;pl_detector_certificate_id;protection_level_m",12264617665051148567,27,16777910421501621315,9056656343633310150,13276243065478317808,"dual_channel_v1;all_in_graph_residual_diagnostic",0,0,1,1,57662791572,1300000000,50000000,56404599502,1,1,0,0,"data is stale by the sensor timestamp","EXECUTED",""
uwb-imu-pl/gate-d-diagnostics/v16,28,1400000000,28,28,28,1,1,28,1400000000,"18002;19001;19002;20001;20002;21001;21002;22001;22002;23001;23002;24001;24002;25001;25002;26001;26002;27001;27002;28000;28001;28002",27,28,0.050000000000000044,0,11,0,0,28,516,27,2591235,78,100,177056,"new frozen transaction/version",0.046940095525565453,inf,3.0000000000000004e-05,9.9999999999999995e-08,0,0,0,9.9000000000000001e-06,4.0000000000000003e-05,4.0000000000000003e-05,nan,nan,nan,0,0,0,0,0,"complete risk ledger unavailable before selection closure","COMPLETE",624,0,0,0,0,0,0,61104,504,60,60,30240,30240,2,1,1,1,1,0,1,1,2,1,1,0,4,3,61104,0,0,61104,0,4,1,0,0,0,0,0,0,0,1,1,0,inf,0,"NUMERICAL_CERTIFICATE_UNRESOLVED","NUMERICAL_CERTIFICATE_UNRESOLVED;UNKNOWN_TEXT","POST_FDE_DETECTOR_AND_PL;ATOMIC_CERTIFIED_PUBLISH",0,0,inf,0,"","","",0,1,"REFUSED","no publication certificate was issued for this attempt; missing identity: risk_proof_id;pl_detector_certificate_id;protection_level_m","FDE_EVALUATING","UNAVAILABLE","UNAVAILABLE -> UNAVAILABLE",1,0,1,"FINISH_DEADLINE_MISSED","risk_proof_id;pl_detector_certificate_id;protection_level_m",1685223223145913197,28,14823077443860963275,9056656343633310150,13276243065478317808,"dual_channel_v1;all_in_graph_residual_diagnostic",0,0,1,1,63651062547,1350000000,50000000,62342870477,1,1,0,0,"data is stale by the sensor timestamp","EXECUTED",""
uwb-imu-pl/gate-d-diagnostics/v16,29,1450000000,29,29,29,1,1,29,1450000000,"19002;20001;20002;21001;21002;22001;22002;23001;23002;24001;24002;25001;25002;26001;26002;27001;27002;28001;28002;29000;29001;29002",28,29,0.050000000000000044,0,11,0,0,29,538,28,2757533,78,100,177056,"new frozen transaction/version",0.055063018228317488,inf,3.0000000000000004e-05,9.9999999999999995e-08,0,0,0,9.9000000000000001e-06,4.0000000000000003e-05,4.0000000000000003e-05,nan,nan,nan,0,0,0,0,0,"complete risk ledger unavailable before selection closure","COMPLETE",624,0,0,0,0,0,0,61104,504,60,60,30240,30240,2,1,1,1,1,0,1,1,2,1,1,0,4,3,61104,0,0,61104,0,4,1,0,0,0,0,0,0,0,1,1,0,inf,0,"NUMERICAL_CERTIFICATE_UNRESOLVED","NUMERICAL_CERTIFICATE_UNRESOLVED;UNKNOWN_TEXT","POST_FDE_DETECTOR_AND_PL;ATOMIC_CERTIFIED_PUBLISH",0,0,inf,0,"","","",0,1,"REFUSED","no publication certificate was issued for this attempt; missing identity: risk_proof_id;pl_detector_certificate_id;protection_level_m","FDE_EVALUATING","UNAVAILABLE","UNAVAILABLE -> UNAVAILABLE",1,0,1,"FINISH_DEADLINE_MISSED","risk_proof_id;pl_detector_certificate_id;protection_level_m",898837351932199091,29,6115801752477813902,9056656343633310150,13276243065478317808,"dual_channel_v1;all_in_graph_residual_diagnostic",0,0,1,1,69914499070,1400000000,50000000,68556307000,1,1,0,0,"data is stale by the sensor timestamp","EXECUTED",""
uwb-imu-pl/gate-d-diagnostics/v16,30,1500000000,30,30,30,1,1,30,1500000000,"20002;21001;21002;22001;22002;23001;23002;24001;24002;25001;25002;26001;26002;27001;27002;28001;28002;29001;29002;30000;30001;30002",29,30,0.049999999999999822,0,11,0,1,30,560,29,2923821,78,100,177056,"new frozen transaction/version",0.088535850858353582,inf,3.0000000000000004e-05,9.9999999999999995e-08,0,0,0,9.9000000000000001e-06,4.0000000000000003e-05,4.0000000000000003e-05,nan,nan,nan,0,0,0,0,0,"complete risk ledger unavailable before selection closure","COMPLETE",624,0,0,0,0,0,0,61104,504,60,60,30240,30240,2,1,1,1,1,0,1,1,2,1,1,0,4,3,61104,0,0,61104,0,4,1,0,0,0,0,0,0,0,1,1,0,inf,0,"NUMERICAL_CERTIFICATE_UNRESOLVED","NUMERICAL_CERTIFICATE_UNRESOLVED;UNKNOWN_TEXT","POST_FDE_DETECTOR_AND_PL;ATOMIC_CERTIFIED_PUBLISH",0,0,inf,0,"","","",0,1,"REFUSED","no publication certificate was issued for this attempt; missing identity: risk_proof_id;pl_detector_certificate_id;protection_level_m","FDE_EVALUATING","UNAVAILABLE","UNAVAILABLE -> UNAVAILABLE",1,0,1,"FINISH_DEADLINE_MISSED","risk_proof_id;pl_detector_certificate_id;protection_level_m",3109083717321472555,30,44517169930282505,9056656343633310150,13276243065478317808,"dual_channel_v1;all_in_graph_residual_diagnostic",0,0,1,1,76652024616,1450000000,50000000,75243832546,1,1,0,0,"data is stale by the sensor timestamp","EXECUTED",""
uwb-imu-pl/gate-d-diagnostics/v16,31,1550000000,31,31,31,2,1,31,1550000000,"21002;22001;22002;23001;23002;24001;24002;25001;25002;26001;26002;27001;27002;28001;28002;29001;29002;30001;30002;31000;31001;31002",30,31,0.050000000000000044,0,11,0,2,31,582,30,3090081,78,100,177056,"new frozen transaction/version",0.054916793444977359,inf,3.0000000000000004e-05,9.9999999999999995e-08,0,0,0,9.9000000000000001e-06,4.0000000000000003e-05,4.0000000000000003e-05,nan,nan,nan,0,0,0,0,0,"complete risk ledger unavailable before selection closure","COMPLETE",624,0,0,0,0,0,0,61104,504,60,60,30240,30240,2,1,1,1,1,0,1,1,2,1,1,0,4,3,61104,0,0,61104,0,4,1,0,0,0,0,0,0,0,1,1,0,inf,0,"NUMERICAL_CERTIFICATE_UNRESOLVED","NUMERICAL_CERTIFICATE_UNRESOLVED;UNKNOWN_TEXT","POST_FDE_DETECTOR_AND_PL;ATOMIC_CERTIFIED_PUBLISH",0,0,inf,0,"","","",0,1,"REFUSED","no publication certificate was issued for this attempt; missing identity: risk_proof_id;pl_detector_certificate_id;protection_level_m","FDE_EVALUATING","UNAVAILABLE","UNAVAILABLE -> UNAVAILABLE",1,0,1,"FINISH_DEADLINE_MISSED","risk_proof_id;pl_detector_certificate_id;protection_level_m",3644653636935690281,31,9952197080313974771,9056656343633310150,13276243065478317808,"dual_channel_v1;all_in_graph_residual_diagnostic",0,0,1,1,84039434914,1500000000,50000000,82581242844,1,1,0,0,"data is stale by the sensor timestamp","EXECUTED",""
uwb-imu-pl/gate-d-diagnostics/v16,32,1600000000,32,32,32,3,1,32,1600000000,"22002;23001;23002;24001;24002;25001;25002;26001;26002;27001;27002;28001;28002;29001;29002;30001;30002;31001;31002;32000;32001;32002",31,32,0.050000000000000044,0,11,0,3,32,604,31,3256373,78,100,177056,"new frozen transaction/version",0.057466509045088876,inf,3.0000000000000004e-05,9.9999999999999995e-08,0,0,0,9.9000000000000001e-06,4.0000000000000003e-05,4.0000000000000003e-05,nan,nan,nan,0,0,0,0,0,"complete risk ledger unavailable before selection closure","COMPLETE",624,0,0,0,0,0,0,61104,504,60,60,30240,30240,2,1,1,1,1,0,1,1,2,1,1,0,4,3,61104,0,0,61104,0,4,1,0,0,0,0,0,0,0,1,1,0,inf,0,"NUMERICAL_CERTIFICATE_UNRESOLVED","NUMERICAL_CERTIFICATE_UNRESOLVED;UNKNOWN_TEXT","POST_FDE_DETECTOR_AND_PL;ATOMIC_CERTIFIED_PUBLISH",0,0,inf,0,"","","",0,1,"REFUSED","no publication certificate was issued for this attempt; missing identity: risk_proof_id;pl_detector_certificate_id;protection_level_m","FDE_EVALUATING","UNAVAILABLE","UNAVAILABLE -> UNAVAILABLE",1,0,1,"FINISH_DEADLINE_MISSED","risk_proof_id;pl_detector_certificate_id;protection_level_m",11542146068198742371,32,11173593214915828214,9056656343633310150,13276243065478317808,"dual_channel_v1;all_in_graph_residual_diagnostic",0,0,1,1,88317923435,1550000000,50000000,86809731365,1,1,0,0,"data is stale by the sensor timestamp","EXECUTED",""
uwb-imu-pl/gate-d-diagnostics/v16,33,1650000000,33,33,33,4,1,33,1650000000,"23002;24001;24002;25001;25002;26001;26002;27001;27002;28001;28002;29001;29002;30001;30002;31001;31002;32001;32002;33000;33001;33002",32,33,0.050000000000000044,0,11,0,4,33,626,32,3422679,78,100,177056,"new frozen transaction/version",0.028284022314244813,inf,3.0000000000000004e-05,9.9999999999999995e-08,0,0,0,9.9000000000000001e-06,4.0000000000000003e-05,4.0000000000000003e-05,nan,nan,nan,0,0,0,0,0,"complete risk ledger unavailable before selection closure","COMPLETE",624,0,0,0,0,0,0,61104,504,60,60,30240,30240,2,1,1,1,1,0,1,1,2,1,1,0,4,3,61104,0,0,61104,0,4,1,0,0,0,0,0,0,0,1,1,0,inf,0,"NUMERICAL_CERTIFICATE_UNRESOLVED","NUMERICAL_CERTIFICATE_UNRESOLVED;UNKNOWN_TEXT","POST_FDE_DETECTOR_AND_PL;ATOMIC_CERTIFIED_PUBLISH",0,0,inf,0,"","","",0,1,"REFUSED","no publication certificate was issued for this attempt; missing identity: risk_proof_id;pl_detector_certificate_id;protection_level_m","FDE_EVALUATING","UNAVAILABLE","UNAVAILABLE -> UNAVAILABLE",1,0,1,"FINISH_DEADLINE_MISSED","risk_proof_id;pl_detector_certificate_id;protection_level_m",11577414835924288717,33,7591966664489312411,9056656343633310150,13276243065478317808,"dual_channel_v1;all_in_graph_residual_diagnostic",0,0,1,1,92494645181,1600000000,50000000,90936453111,1,1,0,0,"data is stale by the sensor timestamp","EXECUTED",""
uwb-imu-pl/gate-d-diagnostics/v16,34,1700000000,34,34,34,5,1,34,1700000000,"24002;25001;25002;26001;26002;27001;27002;28001;28002;29001;29002;30001;30002;31001;31002;32001;32002;33001;33002;34000;34001;34002",33,34,0.050000000000000044,0,11,0,5,34,648,33,3588959,78,100,177056,"new frozen transaction/version",0.035854948192044003,inf,3.0000000000000004e-05,9.9999999999999995e-08,0,0,0,9.9000000000000001e-06,4.0000000000000003e-05,4.0000000000000003e-05,nan,nan,nan,0,0,0,0,0,"complete risk ledger unavailable before selection closure","COMPLETE",624,0,0,0,0,0,0,61104,504,60,60,30240,30240,2,1,1,1,1,0,1,1,2,1,1,0,4,3,61104,0,0,61104,0,4,1,0,0,0,0,0,0,0,1,1,0,inf,0,"NUMERICAL_CERTIFICATE_UNRESOLVED","NUMERICAL_CERTIFICATE_UNRESOLVED;UNKNOWN_TEXT","POST_FDE_DETECTOR_AND_PL;ATOMIC_CERTIFIED_PUBLISH",0,0,inf,0,"","","",0,1,"REFUSED","no publication certificate was issued for this attempt; missing identity: risk_proof_id;pl_detector_certificate_id;protection_level_m","FDE_EVALUATING","UNAVAILABLE","UNAVAILABLE -> UNAVAILABLE",1,0,1,"FINISH_DEADLINE_MISSED","risk_proof_id;pl_detector_certificate_id;protection_level_m",4139310185809883627,34,16644773512291851137,9056656343633310150,13276243065478317808,"dual_channel_v1;all_in_graph_residual_diagnostic",0,0,1,1,96649852490,1650000000,50000000,95041660420,1,1,0,0,"data is stale by the sensor timestamp","EXECUTED",""
uwb-imu-pl/gate-d-diagnostics/v16,35,1750000000,35,35,35,6,1,35,1750000000,"25002;26001;26002;27001;27002;28001;28002;29001;29002;30001;30002;31001;31002;32001;32002;33001;33002;34001;34002;35000;35001;35002",34,35,0.049999999999999822,0,11,0,6,35,670,34,3755257,78,100,177056,"new frozen transaction/version",0.095278028834995088,inf,3.0000000000000004e-05,9.9999999999999995e-08,0,0,0,9.9000000000000001e-06,4.0000000000000003e-05,4.0000000000000003e-05,nan,nan,nan,0,0,0,0,0,"complete risk ledger unavailable before selection closure","COMPLETE",624,0,0,0,0,0,0,61104,504,60,60,30240,30240,2,1,1,1,1,0,1,1,2,1,1,0,4,3,61104,0,0,61104,0,4,1,0,0,0,0,0,0,0,1,1,0,inf,0,"NUMERICAL_CERTIFICATE_UNRESOLVED","NUMERICAL_CERTIFICATE_UNRESOLVED;UNKNOWN_TEXT","POST_FDE_DETECTOR_AND_PL;ATOMIC_CERTIFIED_PUBLISH",0,0,inf,0,"","","",0,1,"REFUSED","no publication certificate was issued for this attempt; missing identity: risk_proof_id;pl_detector_certificate_id;protection_level_m","FDE_EVALUATING","UNAVAILABLE","UNAVAILABLE -> UNAVAILABLE",1,0,1,"FINISH_DEADLINE_MISSED","risk_proof_id;pl_detector_certificate_id;protection_level_m",11702124045747353609,35,3533785260542797043,9056656343633310150,13276243065478317808,"dual_channel_v1;all_in_graph_residual_diagnostic",0,0,1,1,100772286199,1700000000,50000000,99114094129,1,1,0,0,"data is stale by the sensor timestamp","EXECUTED",""
uwb-imu-pl/gate-d-diagnostics/v16,36,1800000000,36,36,36,7,1,36,1800000000,"26002;27001;27002;28001;28002;29001;29002;30001;30002;31001;31002;32001;32002;33001;33002;34001;34002;35001;35002;36000;36001;36002",35,36,0.050000000000000044,0,11,0,7,36,692,35,3921557,78,100,177056,"new frozen transaction/version",0.082425310735540713,inf,3.0000000000000004e-05,9.9999999999999995e-08,0,0,0,9.9000000000000001e-06,4.0000000000000003e-05,4.0000000000000003e-05,nan,nan,nan,0,0,0,0,0,"complete risk ledger unavailable before selection closure","COMPLETE",624,0,0,0,0,0,0,61104,504,60,60,30240,30240,2,1,1,1,1,0,1,1,2,1,1,0,4,3,61104,0,0,61104,0,4,1,0,0,0,0,0,0,0,1,1,0,inf,0,"NUMERICAL_CERTIFICATE_UNRESOLVED","NUMERICAL_CERTIFICATE_UNRESOLVED;UNKNOWN_TEXT","POST_FDE_DETECTOR_AND_PL;ATOMIC_CERTIFIED_PUBLISH",0,0,inf,0,"","","",0,1,"REFUSED","no publication certificate was issued for this attempt; missing identity: risk_proof_id;pl_detector_certificate_id;protection_level_m","FDE_EVALUATING","UNAVAILABLE","UNAVAILABLE -> UNAVAILABLE",1,0,1,"FINISH_DEADLINE_MISSED","risk_proof_id;pl_detector_certificate_id;protection_level_m",12040751785529382771,36,11379278119909379024,9056656343633310150,13276243065478317808,"dual_channel_v1;all_in_graph_residual_diagnostic",0,0,1,1,104968561691,1750000000,50000000,103260369621,1,1,0,0,"data is stale by the sensor timestamp","EXECUTED",""
uwb-imu-pl/gate-d-diagnostics/v16,37,1850000000,37,37,37,8,1,37,1850000000,"27002;28001;28002;29001;29002;30001;30002;31001;31002;32001;32002;33001;33002;34001;34002;35001;35002;36001;36002;37000;37001;37002",36,37,0.050000000000000044,0,11,0,8,37,714,36,4087821,78,100,177056,"new frozen transaction/version",0.075585415812736534,inf,3.0000000000000004e-05,9.9999999999999995e-08,0,0,0,9.9000000000000001e-06,4.0000000000000003e-05,4.0000000000000003e-05,nan,nan,nan,0,0,0,0,0,"complete risk ledger unavailable before selection closure","COMPLETE",624,0,0,0,0,0,0,61104,504,60,60,30240,30240,2,1,1,1,1,0,1,1,2,1,1,0,4,3,61104,0,0,61104,0,4,1,0,0,0,0,0,0,0,1,1,0,inf,0,"NUMERICAL_CERTIFICATE_UNRESOLVED","NUMERICAL_CERTIFICATE_UNRESOLVED;UNKNOWN_TEXT","POST_FDE_DETECTOR_AND_PL;ATOMIC_CERTIFIED_PUBLISH",0,0,inf,0,"","","",0,1,"REFUSED","no publication certificate was issued for this attempt; missing identity: risk_proof_id;pl_detector_certificate_id;protection_level_m","FDE_EVALUATING","UNAVAILABLE","UNAVAILABLE -> UNAVAILABLE",1,0,1,"FINISH_DEADLINE_MISSED","risk_proof_id;pl_detector_certificate_id;protection_level_m",7502846078191054693,37,3562547147044141773,9056656343633310150,13276243065478317808,"dual_channel_v1;all_in_graph_residual_diagnostic",0,0,1,1,109170117577,1800000000,50000000,107411925507,1,1,0,0,"data is stale by the sensor timestamp","EXECUTED",""
uwb-imu-pl/gate-d-diagnostics/v16,38,1900000000,38,38,38,9,1,38,1900000000,"28002;29001;29002;30001;30002;31001;31002;32001;32002;33001;33002;34001;34002;35001;35002;36001;36002;37001;37002;38000;38001;38002",37,38,0.050000000000000044,0,11,0,9,38,736,37,4254125,78,100,177056,"new frozen transaction/version",0.072460890452275217,inf,3.0000000000000004e-05,9.9999999999999995e-08,0,0,0,9.9000000000000001e-06,4.0000000000000003e-05,4.0000000000000003e-05,nan,nan,nan,0,0,0,0,0,"complete risk ledger unavailable before selection closure","COMPLETE",624,0,0,0,0,0,0,61104,504,60,60,30240,30240,2,1,1,1,1,0,1,1,2,1,1,0,4,3,61104,0,0,61104,0,4,1,0,0,0,0,0,0,0,1,1,0,inf,0,"NUMERICAL_CERTIFICATE_UNRESOLVED","NUMERICAL_CERTIFICATE_UNRESOLVED;UNKNOWN_TEXT","POST_FDE_DETECTOR_AND_PL;ATOMIC_CERTIFIED_PUBLISH",0,0,inf,0,"","","",0,1,"REFUSED","no publication certificate was issued for this attempt; missing identity: risk_proof_id;pl_detector_certificate_id;protection_level_m","FDE_EVALUATING","UNAVAILABLE","UNAVAILABLE -> UNAVAILABLE",1,0,1,"FINISH_DEADLINE_MISSED","risk_proof_id;pl_detector_certificate_id;protection_level_m",9469237824190333739,38,1828268734397488962,9056656343633310150,13276243065478317808,"dual_channel_v1;all_in_graph_residual_diagnostic",0,0,1,1,113447461074,1850000000,50000000,111639269004,1,1,0,0,"data is stale by the sensor timestamp","EXECUTED",""
uwb-imu-pl/gate-d-diagnostics/v16,39,1950000000,39,39,39,10,1,39,1950000000,"29002;30001;30002;31001;31002;32001;32002;33001;33002;34001;34002;35001;35002;36001;36002;37001;37002;38001;38002;39000;39001;39002",38,39,0.050000000000000044,0,11,0,10,39,758,38,4420425,78,100,177056,"new frozen transaction/version",0.069368472671063511,inf,3.0000000000000004e-05,9.9999999999999995e-08,0,0,0,9.9000000000000001e-06,4.0000000000000003e-05,4.0000000000000003e-05,nan,nan,nan,0,0,0,0,0,"complete risk ledger unavailable before selection closure","COMPLETE",624,0,0,0,0,0,0,61104,504,60,60,30240,30240,2,1,1,1,1,0,1,1,2,1,1,0,4,3,61104,0,0,61104,0,4,1,0,0,0,0,0,0,0,1,1,0,inf,0,"NUMERICAL_CERTIFICATE_UNRESOLVED","NUMERICAL_CERTIFICATE_UNRESOLVED;UNKNOWN_TEXT","POST_FDE_DETECTOR_AND_PL;ATOMIC_CERTIFIED_PUBLISH",0,0,inf,0,"","","",0,1,"REFUSED","no publication certificate was issued for this attempt; missing identity: risk_proof_id;pl_detector_certificate_id;protection_level_m","FDE_EVALUATING","UNAVAILABLE","UNAVAILABLE -> UNAVAILABLE",1,0,1,"FINISH_DEADLINE_MISSED","risk_proof_id;pl_detector_certificate_id;protection_level_m",12953493384365545049,39,7354227289555061194,9056656343633310150,13276243065478317808,"dual_channel_v1;all_in_graph_residual_diagnostic",0,0,1,1,117740868459,1900000000,50000000,115882676389,1,1,0,0,"data is stale by the sensor timestamp","EXECUTED",""
uwb-imu-pl/gate-d-diagnostics/v16,40,2000000000,40,40,40,11,1,40,2000000000,"30002;31001;31002;32001;32002;33001;33002;34001;34002;35001;35002;36001;36002;37001;37002;38001;38002;39001;39002;40000;40001;40002",39,40,0.049999999999999822,0,11,0,11,40,780,39,4586721,78,100,177056,"new frozen transaction/version",0.061419630515150626,inf,3.0000000000000004e-05,9.9999999999999995e-08,0,0,0,9.9000000000000001e-06,4.0000000000000003e-05,4.0000000000000003e-05,nan,nan,nan,0,0,0,0,0,"complete risk ledger unavailable before selection closure","COMPLETE",624,0,0,0,0,0,0,61104,504,60,60,30240,30240,2,1,1,1,1,0,1,1,2,1,1,0,4,3,61104,0,0,61104,0,4,1,0,0,0,0,0,0,0,1,1,0,inf,0,"NUMERICAL_CERTIFICATE_UNRESOLVED","NUMERICAL_CERTIFICATE_UNRESOLVED;UNKNOWN_TEXT","POST_FDE_DETECTOR_AND_PL;ATOMIC_CERTIFIED_PUBLISH",0,0,inf,0,"","","",0,1,"REFUSED","no publication certificate was issued for this attempt; missing identity: risk_proof_id;pl_detector_certificate_id;protection_level_m","FDE_EVALUATING","UNAVAILABLE","UNAVAILABLE -> UNAVAILABLE",1,0,1,"FINISH_DEADLINE_MISSED","risk_proof_id;pl_detector_certificate_id;protection_level_m",15742454185413072157,40,2028125611642362392,9056656343633310150,13276243065478317808,"dual_channel_v1;all_in_graph_residual_diagnostic",0,0,1,1,122003406779,1950000000,50000000,120095214709,1,1,0,0,"data is stale by the sensor timestamp","EXECUTED",""
uwb-imu-pl/gate-d-diagnostics/v16,41,2050000000,41,41,41,12,1,41,2050000000,"31002;32001;32002;33001;33002;34001;34002;35001;35002;36001;36002;37001;37002;38001;38002;39001;39002;40001;40002;41000;41001;41002",40,41,0.050000000000000266,0,11,0,12,41,802,40,4752999,78,100,177056,"new frozen transaction/version",0.044976237279310764,inf,3.0000000000000004e-05,9.9999999999999995e-08,0,0,0,9.9000000000000001e-06,4.0000000000000003e-05,4.0000000000000003e-05,nan,nan,nan,0,0,0,0,0,"complete risk ledger unavailable before selection closure","COMPLETE",624,0,0,0,0,0,0,61104,504,60,60,30240,30240,2,1,1,1,1,0,1,1,2,1,1,0,4,3,61104,0,0,61104,0,4,1,0,0,0,0,0,0,0,1,1,0,inf,0,"NUMERICAL_CERTIFICATE_UNRESOLVED","NUMERICAL_CERTIFICATE_UNRESOLVED;UNKNOWN_TEXT","POST_FDE_DETECTOR_AND_PL;ATOMIC_CERTIFIED_PUBLISH",0,0,inf,0,"","","",0,1,"REFUSED","no publication certificate was issued for this attempt; missing identity: risk_proof_id;pl_detector_certificate_id;protection_level_m","FDE_EVALUATING","UNAVAILABLE","UNAVAILABLE -> UNAVAILABLE",1,0,1,"FINISH_DEADLINE_MISSED","risk_proof_id;pl_detector_certificate_id;protection_level_m",3869237693016376683,41,9058038981883649865,9056656343633310150,13276243065478317808,"dual_channel_v1;all_in_graph_residual_diagnostic",0,0,1,1,126359481966,2000000000,50000000,124401289896,1,1,0,0,"data is stale by the sensor timestamp","EXECUTED",""
uwb-imu-pl/gate-d-diagnostics/v16,42,2100000000,42,42,42,13,1,42,2100000000,"32002;33001;33002;34001;34002;35001;35002;36001;36002;37001;37002;38001;38002;39001;39002;40001;40002;41001;41002;42000;42001;42002",41,42,0.049999999999999822,0,11,0,13,42,824,41,4919273,78,100,177056,"new frozen transaction/version",0.061111953404345262,inf,3.0000000000000004e-05,9.9999999999999995e-08,0,0,0,9.9000000000000001e-06,4.0000000000000003e-05,4.0000000000000003e-05,nan,nan,nan,0,0,0,0,0,"complete risk ledger unavailable before selection closure","COMPLETE",624,0,0,0,0,0,0,61104,504,60,60,30240,30240,2,1,1,1,1,0,1,1,2,1,1,0,4,3,61104,0,0,61104,0,4,1,0,0,0,0,0,0,0,1,1,0,inf,0,"NUMERICAL_CERTIFICATE_UNRESOLVED","NUMERICAL_CERTIFICATE_UNRESOLVED;UNKNOWN_TEXT","POST_FDE_DETECTOR_AND_PL;ATOMIC_CERTIFIED_PUBLISH",0,0,inf,0,"","","",0,1,"REFUSED","no publication certificate was issued for this attempt; missing identity: risk_proof_id;pl_detector_certificate_id;protection_level_m","FDE_EVALUATING","UNAVAILABLE","UNAVAILABLE -> UNAVAILABLE",1,0,1,"FINISH_DEADLINE_MISSED","risk_proof_id;pl_detector_certificate_id;protection_level_m",782769911959256229,42,1742672976107157029,9056656343633310150,13276243065478317808,"dual_channel_v1;all_in_graph_residual_diagnostic",0,0,1,1,130728214031,2050000000,50000000,128720021961,1,1,0,0,"data is stale by the sensor timestamp","EXECUTED",""
uwb-imu-pl/gate-d-diagnostics/v16,43,2150000000,43,43,43,14,1,43,2150000000,"33002;34001;34002;35001;35002;36001;36002;37001;37002;38001;38002;39001;39002;40001;40002;41001;41002;42001;42002;43000;43001;43002",42,43,0.050000000000000266,0,11,0,14,43,846,42,5085553,78,100,177056,"new frozen transaction/version",0.03019988964311739,inf,3.0000000000000004e-05,9.9999999999999995e-08,0,0,0,9.9000000000000001e-06,4.0000000000000003e-05,4.0000000000000003e-05,nan,nan,nan,0,0,0,0,0,"complete risk ledger unavailable before selection closure","COMPLETE",624,0,0,0,0,0,0,61104,504,60,60,30240,30240,2,1,1,1,1,0,1,1,2,1,1,0,4,3,61104,0,0,61104,0,4,1,0,0,0,0,0,0,0,1,1,0,inf,0,"NUMERICAL_CERTIFICATE_UNRESOLVED","NUMERICAL_CERTIFICATE_UNRESOLVED;UNKNOWN_TEXT","POST_FDE_DETECTOR_AND_PL;ATOMIC_CERTIFIED_PUBLISH",0,0,inf,0,"","","",0,1,"REFUSED","no publication certificate was issued for this attempt; missing identity: risk_proof_id;pl_detector_certificate_id;protection_level_m","FDE_EVALUATING","UNAVAILABLE","UNAVAILABLE -> UNAVAILABLE",1,0,1,"FINISH_DEADLINE_MISSED","risk_proof_id;pl_detector_certificate_id;protection_level_m",11586808098958425751,43,16193054901010036025,9056656343633310150,13276243065478317808,"dual_channel_v1;all_in_graph_residual_diagnostic",0,0,1,1,135182693512,2100000000,50000000,133124501442,1,1,0,0,"data is stale by the sensor timestamp","EXECUTED",""
uwb-imu-pl/gate-d-diagnostics/v16,44,2200000000,44,44,44,15,1,44,2200000000,"34002;35001;35002;36001;36002;37001;37002;38001;38002;39001;39002;40001;40002;41001;41002;42001;42002;43001;43002;44000;44001;44002",43,44,0.049999999999999822,0,11,0,15,44,868,43,5251837,78,100,177056,"new frozen transaction/version",0.052779063091779675,inf,3.0000000000000004e-05,9.9999999999999995e-08,0,0,0,9.9000000000000001e-06,4.0000000000000003e-05,4.0000000000000003e-05,nan,nan,nan,0,0,0,0,0,"complete risk ledger unavailable before selection closure","COMPLETE",624,0,0,0,0,0,0,61104,504,60,60,30240,30240,2,1,1,1,1,0,1,1,2,1,1,0,4,3,61104,0,0,61104,0,4,1,0,0,0,0,0,0,0,1,1,0,inf,0,"NUMERICAL_CERTIFICATE_UNRESOLVED","NUMERICAL_CERTIFICATE_UNRESOLVED;UNKNOWN_TEXT","POST_FDE_DETECTOR_AND_PL;ATOMIC_CERTIFIED_PUBLISH",0,0,inf,0,"","","",0,1,"REFUSED","no publication certificate was issued for this attempt; missing identity: risk_proof_id;pl_detector_certificate_id;protection_level_m","FDE_EVALUATING","UNAVAILABLE","UNAVAILABLE -> UNAVAILABLE",1,0,1,"FINISH_DEADLINE_MISSED","risk_proof_id;pl_detector_certificate_id;protection_level_m",10852019832457007317,44,14442885045848754276,9056656343633310150,13276243065478317808,"dual_channel_v1;all_in_graph_residual_diagnostic",0,0,1,1,139657291660,2150000000,50000000,137549099590,1,1,0,0,"data is stale by the sensor timestamp","EXECUTED",""
uwb-imu-pl/gate-d-diagnostics/v16,45,2250000000,45,45,45,16,1,45,2250000000,"35002;36001;36002;37001;37002;38001;38002;39001;39002;40001;40002;41001;41002;42001;42002;43001;43002;44001;44002;45000;45001;45002",44,45,0.049999999999999822,0,11,0,16,45,890,44,5418131,78,100,177056,"new frozen transaction/version",0.025411485585421063,inf,3.0000000000000004e-05,9.9999999999999995e-08,0,0,0,9.9000000000000001e-06,4.0000000000000003e-05,4.0000000000000003e-05,nan,nan,nan,0,0,0,0,0,"complete risk ledger unavailable before selection closure","COMPLETE",624,0,0,0,0,0,0,61104,504,60,60,30240,30240,2,1,1,1,1,0,1,1,2,1,1,0,4,3,61104,0,0,61104,0,4,1,0,0,0,0,0,0,0,1,1,0,inf,0,"NUMERICAL_CERTIFICATE_UNRESOLVED","NUMERICAL_CERTIFICATE_UNRESOLVED;UNKNOWN_TEXT","POST_FDE_DETECTOR_AND_PL;ATOMIC_CERTIFIED_PUBLISH",0,0,inf,0,"","","",0,1,"REFUSED","no publication certificate was issued for this attempt; missing identity: risk_proof_id;pl_detector_certificate_id;protection_level_m","FDE_EVALUATING","UNAVAILABLE","UNAVAILABLE -> UNAVAILABLE",1,0,1,"FINISH_DEADLINE_MISSED","risk_proof_id;pl_detector_certificate_id;protection_level_m",17632451052013941243,45,1332392862347595626,9056656343633310150,13276243065478317808,"dual_channel_v1;all_in_graph_residual_diagnostic",0,0,1,1,143954487620,2200000000,50000000,141796295550,1,1,0,0,"data is stale by the sensor timestamp","EXECUTED",""
